32 30 31 37 20 20 20 20 20 20 20 10 00 00 00 00 // Nom 11 bytes, 1 ID attrib, 4 bytes local sector
A4 4A A4 4A 00 00 85 8B A4 4A 03 00 00 00 00 00 // 4 bytes provenient sector (0x00000000 if it's root sector), 2 bytes High LCuster,4 bytes (space),2 bytes Low CLuster, 4 bytes size file (only if it's a file)
 
32 30 31 38 20 20 20 20 20 20 20 10 00 B8 84 8B 
A4 4A A4 4A 00 00 85 8B A4 4A 1C 00 00 00 00 00 

32 30 31 39 20 20 20 20 20 20 20 10 00 70 85 8B 
A4 4A A4 4A 00 00 86 8B A4 4A 35 00 00 00 00 00 

32 30 32 30 20 20 20 20 20 20 20 10 00 23 86 8B 
A4 4A A4 4A 00 00 87 8B A4 4A 4E 00 00 00 00 00 

E5 30 31 35 35 38 32 5F 20 20 20 10 00 26 12 8C 
B1 4A B1 4A 00 00 13 8C B1 4A 67 00 00 10 00 00
----------------------------------------------------------
53 45 50 20 20 20 20 20 20 20 20 10 00 38 84 8B 
A4 4A A4 4A 00 00 85 8B A4 4A 04 00 00 00 00 00 

4F 43 54 20 20 20 20 20 20 20 20 10 00 41 84 8B 
A4 4A A4 4A 00 00 85 8B A4 4A 06 00 00 00 00 00 

4E 4F 56 20 20 20 20 20 20 20 20 10 00 4E 84 8B 
A4 4A A4 4A 00 00 85 8B A4 4A 08 00 00 00 00 00 


4D 41 59 20 20 20 20 20 20 20 20 10 00 57 84 8B 
A4 4A A4 4A 00 00 85 8B A4 4A 0A 00 00 00 00 00 

4D 41 52 20 20 20 20 20 20 20 20 10 00 60 84 8B 
A4 4A A4 4A 00 00 85 8B A4 4A 0C 00 00 00 00 00 

4A 55 4E 20 20 20 20 20 20 20 20 10 00 6B 84 8B 
A4 4A A4 4A 00 00 85 8B A4 4A 0E 00 00 00 00 00 

4A 55 4C 20 20 20 20 20 20 20 20 10 00 75 84 8B 
A4 4A A4 4A 00 00 85 8B A4 4A 10 00 00 00 00 00 

4A 41 4E 20 20 20 20 20 20 20 20 10 00 7E 84 8B 
A4 4A A4 4A 00 00 85 8B A4 4A 12 00 00 00 00 00 

46 45 42 20 20 20 20 20 20 20 20 10 00 87 84 8B 
A4 4A A4 4A 00 00 85 8B A4 4A 14 00 00 00 00 00 

44 45 43 20 20 20 20 20 20 20 20 10 00 91 84 8B 
A4 4A A4 4A 00 00 85 8B A4 4A 16 00 00 00 00 00 

41 55 47 20 20 20 20 20 20 20 20 10 00 A2 84 8B 
A4 4A A4 4A 00 00 85 8B A4 4A 18 00 00 00 00 00 

41 50 52 20 20 20 20 20 20 20 20 10 00 AD 84 8B 
A4 4A A4 4A 00 00 85 8B A4 4A 1A 00 00 00 00 00 

00 00 00 00 00 00 00 00 00 00 00 00 00 00 00 00

----------------------------------------------------------


2E 20 20 20 20 20 20 20 20 20 20 10 00 38 84 8B 
A4 4A A4 4A 00 00 85 8B A4 4A 04 00 00 00 00 00 
2E 2E 20 20 20 20 20 20 20 20 20 10 00 38 84 8B 
A4 4A A4 4A 00 00 85 8B A4 4A 03 00 00 00 00 00 
41 53 00 65 00 70 00 2E 00 74 00 0F 00 22 78 00 
74 00 00 00 FF FF FF FF FF FF 00 00 FF FF FF FF 
53 45 50 20 20 20 20 20 54 58 54 20 00 3B 84 8B 
A4 4A A4 4A 00 00 D1 70 55 4A 05 00 6E 00 00 00 
00 00 00 00 00 00 00 00 00 00 00 00 00 00 00 00 
00 00 00 00 00 00 00 00 00 00 00 00 00 00 00 00 
00 00 00 00 00 00 00 00 00 00 00 00 00 00 00 00

----------------------------------------------------------
52 65 67 69 73 74 65 72 20 31 20 56 6F 6C 75 6D 
65 20 66 6C 6F 77 72 61 74 65 0D 0A 52 65 67 69 
73 74 65 72 20 32 20 56 6F 6C 75 6D 65 20 66 6C 
6F 77 72 61 74 65 0D 0A 52 65 67 69 73 74 65 72 
20 33 20 56 6F 6C 75 6D 65 20 66 6C 6F 77 72 61 
74 65 0D 0A 52 65 67 69 73 74 65 72 20 34 20 56 
6F 6C 75 6D 65 20 66 6C 6F 77 72 61 74 65 00 00 
00 00 00 00 00 00 00 00 00 00 00 00 00 00 00 00 
00 00 00 00 00 00 00 00 00 00 00 00 00 00 00 00 
00 00 00 00 00 00 00 00 00 00 00 00 00 00 00 00

02 03 01 0B 65 E5 B2 00 20 00 00 00 60 74 00 00 00 00 00 00 00 00 00 00 00 00 00 00 00 00 00 00 00 00 00 00 00 00 00 00 00 00 00 00 00 00 00 00 00 00 00 00 00 00 00 00 00 00 00 00 00 00 00 55 AA